 0.00000E+00 0.00000E+00 0.00000E+00 0.00000E+00 0.00000E+00 0.00000E+00
 0.00000E+00 0.00000E+00 0.00000E+00 0.00000E+00 0.00000E+00 0.00000E+00
 0.00000E+00 0.00000E+00 0.00000E+00 0.00000E+00 0.00000E+00 0.00000E+00
 0.00000E+00 0.00000E+00 0.00000E+00 0.00000E+00 0.00000E+00 0.00000E+00
 0.00000E+00 0.00000E+00 0.00000E+00 0.00000E+00 0.00000E+00 0.00000E+00
 0.00000E+00 0.00000E+00 0.00000E+00 0.00000E+00 0.00000E+00 0.00000E+00
 0.00000E+00 0.00000E+00 0.00000E+00 0.00000E+00 0.00000E+00 0.00000E+00
 0.00000E+00 0.00000E+00 0.00000E+00 0.00000E+00 0.00000E+00 0.00000E+00
 0.00000E+00 0.00000E+00 0.00000E+00 0.00000E+00 0.00000E+00 0.00000E+00
 0.00000E+00 0.00000E+00 0.00000E+00 0.00000E+00 0.00000E+00 0.00000E+00
 0.00000E+00 0.00000E+00 0.00000E+00 0.00000E+00 0.00000E+00 0.00000E+00
 0.00000E+00 0.00000E+00 0.00000E+00 0.00000E+00 0.00000E+00 0.00000E+00
 0.00000E+00 0.00000E+00 0.00000E+00 0.00000E+00 0.00000E+00 0.00000E+00
 0.00000E+00 0.00000E+00 0.00000E+00 0.00000E+00 0.00000E+00 0.00000E+00
 0.00000E+00 0.00000E+00 0.00000E+00 0.00000E+00 0.00000E+00 0.00000E+00
 0.00000E+00 0.00000E+00 0.00000E+00 0.00000E+00 0.00000E+00 0.00000E+00
 0.00000E+00 0.00000E+00 0.00000E+00 0.00000E+00 0.00000E+00 0.00000E+00
 0.00000E+00 0.00000E+00 0.00000E+00 0.00000E+00 0.00000E+00 0.00000E+00
 0.00000E+00 0.00000E+00 0.00000E+00 0.00000E+00 0.00000E+00 0.00000E+00
 0.00000E+00 0.00000E+00 0.00000E+00 0.00000E+00 0.00000E+00 0.00000E+00
 0.00000E+00 0.00000E+00 0.00000E+00 0.00000E+00 0.00000E+00 0.00000E+00
 0.00000E+00 0.00000E+00 0.00000E+00 0.00000E+00 0.00000E+00 0.00000E+00
 0.00000E+00 0.00000E+00 0.00000E+00 0.00000E+00 0.00000E+00 0.00000E+00
 0.00000E+00 0.00000E+00 0.00000E+00 0.00000E+00 0.00000E+00 0.00000E+00
 0.00000E+00 0.00000E+00 0.00000E+00 0.00000E+00 0.00000E+00 0.00000E+00
 0.00000E+00 0.00000E+00 0.00000E+00 0.00000E+00 0.00000E+00 0.00000E+00
 0.00000E+00 0.00000E+00 0.00000E+00 0.00000E+00 0.00000E+00 0.00000E+00
 0.00000E+00 0.00000E+00 0.00000E+00 0.00000E+00 0.00000E+00 0.00000E+00
 0.00000E+00 0.00000E+00 0.00000E+00 0.00000E+00 0.00000E+00 0.00000E+00
 0.00000E+00

0.00000E+00 0.00000E+00 0.00000E+00 0.00000E+00 0.00000E+00 0.00000E+00
0.00000E+00 5.61859E-08 1.77985E-09 2.44430E-10 1.33249E-10 1.43070E-10
2.57039E-10 2.84265E-10 2.57053E-10 2.73441E-10 3.05985E-10 2.97163E-10
3.05423E-10 2.66059E-10 2.75828E-10 2.42649E-10 2.25309E-10 2.55894E-10
5.80846E-11 1.47979E-10 2.36268E-10 2.80374E-10 2.94313E-10 3.06798E-10
3.07944E-10 3.38472E-10 3.68752E-10 8.39627E-10 1.05107E-09 1.18463E-09
7.43989E-10 7.84362E-10 8.34827E-10 8.88988E-10 1.05383E-09 1.03639E-09
8.19308E-10 1.89473E-10 1.91778E-10 3.67294E-10 7.90709E-10 1.23886E-09
1.40678E-09 1.54582E-09 1.58122E-09 1.66747E-09 1.74264E-09 1.97076E-09
2.07143E-09 2.23929E-09 2.29999E-09 2.56112E-09 2.77486E-09 2.90754E-09
3.17344E-09 7.13059E-09 3.18010E-09 4.71682E-09 4.39266E-09 4.64557E-09
4.76033E-09 4.93324E-09 5.26116E-09 5.58171E-09 5.54849E-09 5.79688E-09
6.06466E-09 6.03362E-09 6.17182E-09 6.30089E-09 1.26341E-08 1.26458E-08
6.14676E-09 6.11037E-09 1.19974E-08 1.14091E-08 1.32644E-09 5.03253E-10
1.00192E-09 2.75104E-09 5.60392E-09 1.03880E-08 5.04515E-09 4.97501E-09
4.91826E-09 4.65095E-09 4.38533E-09 4.24375E-09 4.15808E-09 4.04411E-09
3.87115E-09 3.82862E-09 3.74139E-09 3.52514E-09 3.35997E-09 3.25314E-09
3.14582E-09 3.00398E-09 7.19754E-09 6.54630E-09 2.11976E-09 1.52330E-09
3.72074E-09 2.21419E-09 5.04412E-09 1.80260E-09 2.61338E-09 2.30091E-09
2.66260E-09 1.00339E-09 1.23306E-09 4.85876E-10 3.21014E-10 3.98677E-10
1.90782E-10 1.60292E-10 4.95211E-10 7.19330E-10 1.03528E-09 7.32532E-10
1.79365E-10 2.43513E-10 3.10382E-10 1.68471E-10 9.87651E-11 4.64443E-11
2.14687E-11 1.61128E-11 2.10588E-11 6.80051E-12 4.26141E-12 1.44660E-11
1.24312E-11 1.82837E-11 1.47184E-11 6.20704E-12 4.00378E-13 0.00000E+00
0.00000E+00 0.00000E+00 4.64253E-13 2.67558E-13 0.00000E+00 0.00000E+00
0.00000E+00 0.00000E+00 0.00000E+00 0.00000E+00 0.00000E+00 0.00000E+00
0.00000E+00 0.00000E+00 0.00000E+00 0.00000E+00 0.00000E+00 0.00000E+00
0.00000E+00 0.00000E+00 0.00000E+00 0.00000E+00 0.00000E+00 0.00000E+00
0.00000E+00 0.00000E+00 0.00000E+00 0.00000E+00 0.00000E+00 0.00000E+00
0.00000E+00