 0.00000E+00 0.00000E+00 0.00000E+00 0.00000E+00 0.00000E+00 0.00000E+00
 0.00000E+00 0.00000E+00 0.00000E+00 0.00000E+00 0.00000E+00 0.00000E+00
 0.00000E+00 0.00000E+00 0.00000E+00 0.00000E+00 0.00000E+00 0.00000E+00
 0.00000E+00 0.00000E+00 0.00000E+00 0.00000E+00 0.00000E+00 0.00000E+00
 0.00000E+00 0.00000E+00 0.00000E+00 0.00000E+00 0.00000E+00 0.00000E+00
 0.00000E+00 0.00000E+00 0.00000E+00 0.00000E+00 0.00000E+00 0.00000E+00
 0.00000E+00 0.00000E+00 0.00000E+00 0.00000E+00 0.00000E+00 0.00000E+00
 0.00000E+00 0.00000E+00 0.00000E+00 0.00000E+00 0.00000E+00 0.00000E+00
 0.00000E+00 0.00000E+00 0.00000E+00 0.00000E+00 0.00000E+00 0.00000E+00
 0.00000E+00 0.00000E+00 0.00000E+00 0.00000E+00 0.00000E+00 0.00000E+00
 0.00000E+00 0.00000E+00 0.00000E+00 0.00000E+00 0.00000E+00 0.00000E+00
 0.00000E+00 0.00000E+00 0.00000E+00 0.00000E+00 0.00000E+00 0.00000E+00
 0.00000E+00 0.00000E+00 0.00000E+00 0.00000E+00 0.00000E+00 0.00000E+00
 0.00000E+00 0.00000E+00 0.00000E+00 0.00000E+00 0.00000E+00 0.00000E+00
 0.00000E+00 0.00000E+00 0.00000E+00 0.00000E+00 0.00000E+00 0.00000E+00
 0.00000E+00 0.00000E+00 0.00000E+00 0.00000E+00 0.00000E+00 0.00000E+00
 0.00000E+00 0.00000E+00 0.00000E+00 0.00000E+00 0.00000E+00 0.00000E+00
 0.00000E+00 0.00000E+00 0.00000E+00 0.00000E+00 0.00000E+00 0.00000E+00
 0.00000E+00 0.00000E+00 0.00000E+00 0.00000E+00 0.00000E+00 0.00000E+00
 0.00000E+00 0.00000E+00 0.00000E+00 0.00000E+00 0.00000E+00 0.00000E+00
 0.00000E+00 0.00000E+00 0.00000E+00 0.00000E+00 0.00000E+00 0.00000E+00
 0.00000E+00 0.00000E+00 0.00000E+00 0.00000E+00 0.00000E+00 0.00000E+00
 0.00000E+00 0.00000E+00 0.00000E+00 0.00000E+00 0.00000E+00 0.00000E+00
 0.00000E+00 0.00000E+00 0.00000E+00 0.00000E+00 0.00000E+00 0.00000E+00
 0.00000E+00 0.00000E+00 0.00000E+00 0.00000E+00 0.00000E+00 0.00000E+00
 0.00000E+00 0.00000E+00 0.00000E+00 0.00000E+00 0.00000E+00 0.00000E+00
 0.00000E+00 0.00000E+00 0.00000E+00 0.00000E+00 0.00000E+00 0.00000E+00
 0.00000E+00 0.00000E+00 0.00000E+00 0.00000E+00 0.00000E+00 0.00000E+00
 0.00000E+00 0.00000E+00 0.00000E+00 0.00000E+00 0.00000E+00 0.00000E+00
 0.00000E+00
 
0
0
0
0
0
0
0
5.62E-08
1.78E-09
2.44E-10
1.33E-10
1.43E-10
2.57E-10
2.84E-10
2.57E-10
2.73E-10
3.06E-10
2.97E-10
3.05E-10
2.66E-10
2.76E-10
2.43E-10
2.25E-10
2.56E-10
5.81E-11
1.48E-10
2.36E-10
2.80E-10
2.94E-10
3.07E-10
3.08E-10
3.38E-10
3.69E-10
8.40E-10
1.05E-09
1.18E-09
7.44E-10
7.84E-10
8.35E-10
8.89E-10
1.05E-09
1.04E-09
8.19E-10
1.89E-10
1.92E-10
3.67E-10
7.91E-10
1.24E-09
1.41E-09
1.55E-09
1.58E-09
1.67E-09
1.74E-09
1.97E-09
2.07E-09
2.24E-09
2.30E-09
2.56E-09
2.77E-09
2.91E-09
3.17E-09
7.13E-09
3.18E-09
4.72E-09
4.39E-09
4.65E-09
4.76E-09
4.93E-09
5.26E-09
5.58E-09
5.55E-09
5.80E-09
6.06E-09
6.03E-09
6.17E-09
6.30E-09
1.26E-08
1.26E-08
6.15E-09
6.11E-09
1.20E-08
1.14E-08
1.33E-09
5.03E-10
1.00E-09
2.75E-09
5.60E-09
1.04E-08
5.05E-09
4.98E-09
4.92E-09
4.65E-09
4.39E-09
4.24E-09
4.16E-09
4.04E-09
3.87E-09
3.83E-09
3.74E-09
3.53E-09
3.36E-09
3.25E-09
3.15E-09
3.00E-09
7.20E-09
6.55E-09
2.12E-09
1.52E-09
3.72E-09
2.21E-09
5.04E-09
1.80E-09
2.61E-09
2.30E-09
2.66E-09
1.00E-09
1.23E-09
4.86E-10
3.21E-10
3.99E-10
1.91E-10
1.60E-10
4.95E-10
7.19E-10
1.04E-09
7.33E-10
1.79E-10
2.44E-10
3.10E-10
1.68E-10
9.88E-11
4.64E-11
2.15E-11
1.61E-11
2.11E-11
6.80E-12
4.26E-12
1.45E-11
1.24E-11
1.83E-11
1.47E-11
6.21E-12
4.00E-13
0
0
0
4.64E-13
2.68E-13
0
0
0
0
0
0
0
0
0
0
0
0
0
0
0
0
0
0
0
0
0
0
0
0
0
0
0
