0.00000e+00 0.00000e+00 0.00000e+00 0.00000e+00 0.00000e+00 0.00000e+00
0.00000e+00 0.00000e+00 3.63648e+00 4.89721e-01 1.62437e-01 1.62094e-01
4.85740e-01 3.22259e-01 4.80395e-01 3.17571e-01 3.16732e-01 4.70672e-01
3.11860e-01 4.63762e-01 3.05901e-01 4.52876e-01 2.98694e-01 2.93932e-01
1.46300e-01 2.92083e-01 2.89123e-01 4.26725e-01 2.81591e-01 4.16660e-01
2.74744e-01 4.07744e-01 2.65207e-01 6.43441e-01 6.23756e-01 6.04754e-01
2.36320e-01 3.45780e-01 2.22448e-01 2.19084e-01 3.21977e-01 2.08911e-01
2.04125e-01 0.00000e+00 1.00842e-01 0.00000e+00 2.00109e-01 2.94126e-01
1.90666e-01 2.80048e-01 1.83785e-01 1.78647e-01 2.59952e-01 1.68868e-01
2.48429e-01 1.61608e-01 2.38670e-01 1.53017e-01 2.25512e-01 1.47601e-01
1.44522e-01 3.51168e-01 1.35247e-01 1.95085e-01 1.86807e-01 1.19742e-01
1.16700e-01 1.67668e-01 1.10300e-01 1.56474e-01 1.01942e-01 1.47360e-01
9.52147e-02 1.36225e-01 8.72883e-02 8.55676e-02 2.06131e-01 1.92369e-01
1.09713e-01 7.08491e-02 1.67630e-01 1.56459e-01 0.00000e+00 2.99053e-02
0.00000e+00 2.98910e-02 0.00000e+00 2.23310e-01 5.26294e-02 5.09103e-02
7.30506e-02 4.72378e-02 6.65757e-02 4.27215e-02 6.14453e-02 3.93915e-02
3.86474e-02 5.59199e-02 3.59255e-02 5.13614e-02 3.28495e-02 4.67964e-02
3.03372e-02 4.33281e-02 7.86674e-02 7.03680e-02 2.19896e-02 2.12623e-02
4.96110e-02 2.80102e-02 7.66376e-02 2.36671e-02 4.67047e-02 4.54806e-02
6.59678e-02 2.83620e-02 3.42630e-02 1.96779e-02 6.48520e-03 1.93202e-02
6.38911e-03 6.37571e-03 2.54106e-02 3.63194e-02 6.22588e-02 4.63614e-02
1.02216e-02 1.73456e-02 1.73445e-02 1.11089e-02 7.00638e-03 3.53328e-03
1.67779e-03 1.19619e-03 1.12284e-03 5.15604e-04 3.12278e-04 6.64241e-04
5.35916e-04 9.77400e-04 6.81100e-04 3.18800e-04 2.00200e-04 1.19240e-04
3.68800e-05 0.00000e+00 0.00000e+00 0.00000e+00 0.00000e+00 0.00000e+00
0.00000e+00 0.00000e+00 0.00000e+00 0.00000e+00 0.00000e+00 0.00000e+00
0.00000e+00 0.00000e+00 0.00000e+00 0.00000e+00 0.00000e+00 0.00000e+00
0.00000e+00 0.00000e+00 0.00000e+00 0.00000e+00 0.00000e+00 0.00000e+00
0.00000e+00 0.00000e+00 0.00000e+00 0.00000e+00 0.00000e+00 0.00000e+00
0.00000e+00
