 0.00000E+00 0.00000E+00 0.00000E+00 0.00000E+00 0.00000E+00 0.00000E+00
 0.00000E+00 0.00000E+00 0.00000E+00 0.00000E+00 0.00000E+00 0.00000E+00
 0.00000E+00 0.00000E+00 0.00000E+00 0.00000E+00 0.00000E+00 0.00000E+00
 0.00000E+00 0.00000E+00 0.00000E+00 0.00000E+00 0.00000E+00 0.00000E+00
 0.00000E+00 0.00000E+00 0.00000E+00 0.00000E+00 0.00000E+00 0.00000E+00
 0.00000E+00 0.00000E+00 0.00000E+00 0.00000E+00 0.00000E+00 0.00000E+00
 0.00000E+00 0.00000E+00 0.00000E+00 0.00000E+00 0.00000E+00 0.00000E+00
 0.00000E+00 0.00000E+00 0.00000E+00 0.00000E+00 0.00000E+00 0.00000E+00
 0.00000E+00 0.00000E+00 0.00000E+00 0.00000E+00 0.00000E+00 0.00000E+00
 0.00000E+00 0.00000E+00 0.00000E+00 0.00000E+00 0.00000E+00 0.00000E+00
 0.00000E+00 0.00000E+00 0.00000E+00 0.00000E+00 0.00000E+00 0.00000E+00
 0.00000E+00 0.00000E+00 0.00000E+00 0.00000E+00 0.00000E+00 0.00000E+00
 0.00000E+00 0.00000E+00 0.00000E+00 0.00000E+00 0.00000E+00 0.00000E+00
 0.00000E+00 0.00000E+00 0.00000E+00 0.00000E+00 0.00000E+00 0.00000E+00
 0.00000E+00 0.00000E+00 0.00000E+00 0.00000E+00 0.00000E+00 0.00000E+00
 0.00000E+00 0.00000E+00 0.00000E+00 0.00000E+00 0.00000E+00 0.00000E+00
 0.00000E+00 0.00000E+00 0.00000E+00 0.00000E+00 0.00000E+00 0.00000E+00
 0.00000E+00 0.00000E+00 0.00000E+00 0.00000E+00 0.00000E+00 0.00000E+00
 0.00000E+00 0.00000E+00 0.00000E+00 0.00000E+00 0.00000E+00 0.00000E+00
 0.00000E+00 0.00000E+00 0.00000E+00 0.00000E+00 0.00000E+00 0.00000E+00
 0.00000E+00 0.00000E+00 0.00000E+00 0.00000E+00 0.00000E+00 0.00000E+00
 0.00000E+00 0.00000E+00 0.00000E+00 0.00000E+00 0.00000E+00 0.00000E+00
 0.00000E+00 0.00000E+00 0.00000E+00 0.00000E+00 0.00000E+00 0.00000E+00
 0.00000E+00 0.00000E+00 0.00000E+00 0.00000E+00 0.00000E+00 0.00000E+00
 0.00000E+00 0.00000E+00 0.00000E+00 0.00000E+00 0.00000E+00 0.00000E+00
 0.00000E+00 0.00000E+00 0.00000E+00 0.00000E+00 0.00000E+00 0.00000E+00
 0.00000E+00 0.00000E+00 0.00000E+00 0.00000E+00 0.00000E+00 0.00000E+00
 0.00000E+00 0.00000E+00 0.00000E+00 0.00000E+00 0.00000E+00 0.00000E+00
 0.00000E+00 0.00000E+00 0.00000E+00 0.00000E+00 0.00000E+00 0.00000E+00
 0.00000E+00
 
0.00000000e+00 0.00000000e+00 0.00000000e+00 0.00000000e+00
 0.00000000e+00 0.00000000e+00 0.00000000e+00 0.00000000e+00
 0.00000000e+00 0.00000000e+00 0.00000000e+00 0.00000000e+00
 0.00000000e+00 0.00000000e+00 0.00000000e+00 0.00000000e+00
 0.00000000e+00 0.00000000e+00 0.00000000e+00 0.00000000e+00
 0.00000000e+00 0.00000000e+00 0.00000000e+00 0.00000000e+00
 0.00000000e+00 0.00000000e+00 0.00000000e+00 2.67543169e-13
 4.64227773e-13 0.00000000e+00 0.00000000e+00 0.00000000e+00
 4.00356105e-13 6.20670368e-12 1.47176089e-11 1.82827006e-11
 1.24304826e-11 1.44651946e-11 4.26117635e-12 6.80013822e-12
 2.10576797e-11 1.61119583e-11 2.14675325e-11 4.64417392e-11
 9.87597286e-11 1.68461824e-10 3.10365331e-10 2.43500041e-10
 1.79355248e-10 7.32492262e-10 1.03522291e-09 7.19290763e-10
 4.95183408e-10 1.60283468e-10 1.90771738e-10 3.98655224e-10
 3.20996449e-10 4.85849790e-10 1.23299281e-09 1.00333053e-09
 2.66244974e-09 2.30078560e-09 2.61323305e-09 1.80249971e-09
 5.04384778e-09 2.21407013e-09 3.72053397e-09 1.52321322e-09
 2.11964278e-09 6.54593649e-09 7.19714517e-09 3.00381402e-09
 3.14565075e-09 3.25296147e-09 3.35978721e-09 3.52494177e-09
 3.74118507e-09 3.82840624e-09 3.87093625e-09 4.04389101e-09
 4.15784951e-09 4.24352181e-09 4.38508957e-09 4.65069156e-09
 4.91799193e-09 4.97474206e-09 5.04487393e-09 1.03874358e-08
 5.60361751e-09 2.75089033e-09 1.00186579e-09 5.03225120e-10
 1.32637049e-09 1.14084755e-08 1.19967076e-08 6.11003082e-09
 6.14641901e-09 1.26450826e-08 1.26333946e-08 6.30054265e-09
 6.17148386e-09 6.03328709e-09 6.06432616e-09 5.79656385e-09
 5.54818739e-09 5.58140494e-09 5.26087519e-09 4.93296443e-09
 4.76006581e-09 4.64531619e-09 4.39242156e-09 4.71655937e-09
 3.17992937e-09 7.13020091e-09 3.17326668e-09 2.90738246e-09
 2.77470839e-09 2.56097761e-09 2.29986482e-09 2.23916712e-09
 2.07132092e-09 1.97065474e-09 1.74254057e-09 1.66737689e-09
 1.58113687e-09 1.54573516e-09 1.40669965e-09 1.23879360e-09
 7.90666087e-10 3.67274311e-10 1.91767339e-10 1.89463002e-10
 8.19263106e-10 1.03633786e-09 1.05377428e-09 8.88938934e-10
 8.34780984e-10 7.84319081e-10 7.43948070e-10 1.18456474e-09
 1.05101693e-09 8.39580867e-10 3.68732096e-10 3.38453818e-10
 3.07927572e-10 3.06781343e-10 2.94297007e-10 2.80358173e-10
 2.36254615e-10 1.47970910e-10 5.80814424e-11 2.55880097e-10
 2.25296388e-10 2.42635432e-10 2.75813346e-10 2.66044899e-10
 3.05406447e-10 2.97147001e-10 3.05968280e-10 2.73426295e-10
 2.57039182e-10 2.84249748e-10 2.57024848e-10 1.43062389e-10
 1.33241662e-10 2.44416271e-10 1.77975212e-09 5.61828533e-08
 0.00000000e+00 0.00000000e+00 0.00000000e+00 0.00000000e+00
 0.00000000e+00 0.00000000e+00 0.00000000e+00